{
  "villes": ["Depot", "Rabat", "Casablanca", "Tanger", "Fes"],
  "distances_km": [
    [0, 90, 80, 300, 200],
    [90, 0, 85, 250, 150],
    [80, 85, 0, 280, 220],
    [300, 250, 280, 0, 350],
    [200, 150, 220, 350, 0]
  ],
  "durees_min": [
    [0, 90, 80, 300, 200],
    [90, 0, 85, 250, 150],
    [80, 85, 0, 280, 220],
    [300, 250, 280, 0, 350],
    [200, 150, 220, 350, 0]
  ]
}